-0.78
-0.95
-0.98
-0.91
-0.03
-0.51
 0.74
 0.85
 0.89
 0.93
 0.72
 0.15
-0.64
 0.01
-0.80
 0.03
-0.41
-0.92
 0.09
 0.76
-0.55
-0.09
 0.49
 0.68
-0.79
-0.85
-0.49
 0.50
 0.18
-0.11
-0.32
 0.56
-0.59
-0.24
 0.79
-0.16
 0.61
 0.97
 0.11
-0.19
 0.86
 0.18
-0.75
-0.89
 0.35
-0.94
-0.74
-0.43
-0.09
-0.43
 0.84
 0.48
 0.88
 0.85
 0.94
 0.81
 0.50
 0.10
 0.43
-0.55
-0.84
 0.24
 0.42
 0.97
 0.51
-0.42
 0.77
 0.84
-0.79
-0.08
 0.70
-0.81
 0.02
-0.73
-0.36
-0.67
-0.05
 0.24
-0.11
 0.34
 0.61
 0.87
 0.83
 0.84
 0.81
 0.32
-0.09
-0.99
-0.02
-1.00
-1.00
-0.99
-0.41
 0.29
-0.46
 0.19
 0.72
 0.40
-0.98
 0.25
 0.63
 0.80
 0.57
 0.79
 0.05
 0.53
 0.09
-0.91
-0.78
-0.53
-0.48
 0.36
-0.35
-0.30
 0.47
-0.49
-0.86
-0.69
 0.44
-0.38
-0.90
 0.55
 0.08
-0.89
-0.98
-0.82
 0.20
-0.97
