NEW GOR secondary structure tables
GAVLISTDENQKHRFYWCMP
'NEW alpha'
 -14 -15 -27 -33 -31 -42 -46 -65-103 -75 -51 -31 -18  -8  -1  -2   3
  18  16  27  37  42  45  45  48  51  39  38  38  23  12   7   2  -3
   5   1   1  -5 -17  -8   1   1   9  -2  -9 -13  -9  -7  -6  -3   2
  15  21  26  29  32  47  41  39  39  35  29  16  12  13  12  11  13
  14  12   2 -11 -12  -3  -4   2   5  -1   2   2   2  10   3   4   8
 -31 -32 -34 -36 -38 -42 -46 -44 -54 -37 -35 -24 -20 -12 -16 -13 -16
 -14 -15 -12 -17 -27 -31 -35 -32 -24 -16 -12 -13 -14 -13 -12 -11  -8
  -7 -11 -13  -8 -16 -31 -21  -7 -13  11   6  10  15   9   4  10  15
  -1   0   5   9  13  11  29  42  50  42  36  28  29  18  12  12   2
  13   9   5   7   6  -6 -10 -14 -22   1  12  14  18  16  18  21  19
   0   9   8  27  34  36  37  37  34  17   6   3   3   2   7   6   0
  36  38  30  35  39  32  36  26  20  15  10   6   8  12  19  15  10
  24  23  27  25  27  27  17  19   2 -11 -21 -21 -38 -23 -26 -21 -19
  10  12  12  15  21  34  31  31  29  21  17  -2  -5  -2   4   0   5
 -10 -13   0 -10   7  25  26  35  41  32  30  19  19   4   1  -1  -6
 -16  -9  -5  -9 -18 -23 -20 -21 -12 -20 -21  -7  -3 -15 -18 -12  -6
  11  11   7  -8   7   7  11  18  34  41  44  41  14   7   4   7   0
 -92 -80 -72 -59 -45 -40 -32 -23 -21 -35 -35 -28 -38 -41 -36 -36 -40
   3  20  36  41  44  58  61  63  57  43  48  46  28  19  16  -7  -7
  -9 -20 -32 -44 -68-102-131-186-104 -84 -68 -58 -37 -26 -17 -17 -12
'NEW beta'
  22  14  23  31  40  35  18 -12 -39 -17  22  26  28  23  20  16  -4
 -14  -9 -10 -10 -10 -10  -2 -13 -29 -27 -13  -8   0   3   2   2  11
 -16 -23 -20 -13 -14   5  42  72  86  71  45  15  -9 -21 -13 -10 -12
 -20 -26 -38 -42 -39 -23  -4  20  23  11 -13 -27 -28 -23 -16  -9 -14
  -6 -22 -24 -18 -14  11  37  65  80  71  42   8   0  -7 -41 -47 -40
  18  25  33  35  36  39  22   7   0   5  12  18  28  27  29  25  32
  39  36  26  21  15  22  24  22  29  31  22  20  23  20  10   1  11
  -5   3  11  20  22   6 -23 -57 -96 -94 -57  -8   2  -6   5 -11   1
  -6  -1  -4 -14 -19 -40 -65 -61 -47 -43 -49 -37 -24 -13  -7  -7 -12
  11  16  21  13   8   3 -17 -24 -80 -92 -53 -16   4  15  23  15   6
  11  16   0  -4 -10 -33 -37 -37  -8  -8  -8  -4  -4   2   6  18  30
 -26 -27 -33 -37 -30 -32 -51 -61 -39 -30 -20   1  -1  -2   3  -2   5
 -15 -24 -18  11  16  11   3 -17 -30 -23 -17   0   0   3 -12   6   8
   0  -7 -21 -19 -45 -45 -39 -63 -39  -9  -4  -2 -11 -19  -9 -14 -36
 -17 -38 -15 -11   3  13  18  40  43  36  15 -31 -52 -50 -53 -34 -32
  14  27  26  19   5  -7  14  34  47  40  36  19  16  14   9  16  18
   0  13 -10  -5  -5 -20  22  37  41  37   9 -20 -78 -70 -63 -32 -32
 -32  -5  -8 -34 -37 -16  -5  21  33  17 -37 -44 -51 -55  -5  22   8
 -91 -67 -67 -51 -51 -45 -38   0  20   0 -13 -27 -61 -82 -99 -57 -51
  20  15  18   6  -3 -14 -38 -95-110 -64 -20   8  25  40  21  12   6
'NEW turn'
   1  16   8   4  -4 -12  10  80  99  17  -5 -10  -6   3  -1  -4   5
 -11   0  -4  -7 -14 -15 -26 -28 -28  -5 -27 -36 -11  -5   5  -1  -6
  -3   5  13   4  16   7 -22 -50 -90 -65 -18   3   6  20   8   2   1
  -6  -1   4   5   5 -17 -20 -42 -52 -35   3  15   4  -9 -14  -5  -6
  -9   6  24  23   9  10  -8 -84 -95 -79 -24   2  11   1  12  19  10
  11   2  13   3  -8   6   3  10  30  45   1  -4  10 -14  -7  -1  -1
  -6 -17 -23 -10   5  14  13 -24 -16   7   0 -12 -17  -1   4   3   6
   6 -16 -20  -8 -22 -16   2  34  30  47  24 -16 -28   6  14   7  -6
   3 -14 -23 -10   2  13  -4  -6  12   5 -17  -3  -3  -2   4 -13   9
  -7  -1 -22   7  -5   4  11  39  35  39  27  16  -2  -6  -4 -22  -5
   2 -16  -5 -27 -50 -18   3  28   6 -11 -19  22 -18   3 -10 -13 -15
  -7 -24  -7 -22  -9  -4  10  10  17   2   6  -3  -1  -5 -21  -3  -4
   7 -14  11 -12 -16  -9 -14  11   0  13  33   9  21 -12  -9  11   9
   0   9  -5   2  -7  -9   3 -15   0 -19  -2  17  14   2   5 -13   4
  21  39   3  -4  -1 -16 -23 -38 -56 -64 -21   4  10  29  14  18  10
   3  -2   8  27  13   1   3  -7 -45  -3  10  20   1  -8  -8  -6 -16
  11 -25   8  32  11 -12 -38 -28 -57 -80 -16  11  54  28  -8  11  15
  38  33  10  10  66  34  37 -15 -65  10  59  50  46  29  12  18  38
  10  14  10   0  -7 -18 -30 -43 -83 -57 -18 -14  10   0  41  26   0
 -24  -1   4   6  25  48  54  12  45  53  22  -9 -20 -33 -19  -1 -26
'NEW coil'
  -5 -13  -2  -1  -3  16  14 -28 -10  49  28  15  -1 -14 -15  -7  -5
   3 -10 -17 -25 -25 -27 -23 -18  -9 -17  -6  -2 -13 -10 -14  -2   1
  10  11   1  10   9  -3 -19 -29 -26 -14 -15  -4   9   2   6   8   6
   6  -2  -4  -6 -12 -19 -23 -22 -18 -14 -23 -11   5  11  11   1   3
   0  -1  -9   1  13 -15 -22   0 -13  -5 -16 -10 -12  -5  12   7   9
   1   5 -11  -1   9  -2  18  21  14 -17  19  12 -14   1  -3  -8 -12
 -16  -2  10   7   7  -5  -2  28  11 -19  -7   7  10  -3   1   6  -7
   4  19  20  -2  15  34  31   9  32  -6   6  11   8 -10 -22  -9 -11
   2  13  16  11  -1   3  16   0 -35 -22  10   0  -9  -6 -11   6  -3
 -15 -21  -3 -24  -8  -1  11  -9  29  11  -4 -18 -19 -23 -36 -14 -20
 -10  -7  -3   0  13   1 -16 -46 -38  -1  18 -23  15  -6  -4  -8 -14
 -13   0  -1   9 -11  -6 -13   4 -10   5  -2  -4  -6  -6  -2 -10 -11
 -18   6 -27 -24 -29 -31  -4 -17  18  14  -2  10  12  26  38   2   2
 -10 -15   8  -2  14   3  -8  20  -3   3 -14 -15   0  13   0  23  17
   3  -1   7  21  -8 -22 -22 -41 -36 -13 -25  -1   4   1  17   7  17
   1 -13 -27 -38   1  25   4  -3   7 -14 -20 -30 -10   8  16   4   7
 -22   0  -7 -22 -15  17   4 -26 -26 -14 -43 -43 -26   7  39   4   7
  48  28  48  57  -8  11  -8  16  36   7  -6   2  19  36  22  -4  -8
  35   7  -7 -10  -7 -17 -13 -35 -16   0 -27 -17   0  27  -7  16  34
  12   7   9  26  31  33  50 124  75  44  43  45  28  18  15   7  28
'EXTERNAL beta'
  18  11  16  25  32  24  21   3 -21  -7  37  33  18  13  13  18 -19
  -6   5  -6  -4 -11  -7   2 -20 -32 -22 -11   1   6   7   3  -2  10
  -8 -17 -19   1  -3   6  29  62  57  37  28   9  -4 -14   1   9  -7
 -22 -30 -40 -39 -51 -43 -24 -18   9  -5 -18 -11 -23 -11  -1  -1 -10
   8 -19 -23 -12 -23   0  26  48  59  50  32   7   6   0 -44 -44 -42
  19  25  28  30  41  38  20  21  17  15  15  17  15  15  12  12  32
  28  37   9  13  13  28  23  22  33  34  18  17  36  38  11   2  15
 -25 -16   8  24  15  14 -10 -50 -79 -76 -62 -17 -13 -21  -2 -31  -3
 -19  -2   0 -10  -2 -27 -72 -53 -30 -20 -42 -38 -14  -4   4  -4 -13
  20  18  33  17   9  11  -8   0 -48 -68 -38  -8   2   6  15  -4   4
  15   8   3 -17  -5 -47 -32 -29  13  10  -5   0   5  15  11  18  27
 -32 -22 -31 -51 -22 -23 -43 -49 -26  -9  -4   4  -6 -11  -8  -5   0
 -22 -13 -30   0   0   8  -4 -16 -26  -4  -8   8  11  -8  -4  12  19
 -13 -10 -36 -16 -62 -57 -57-103 -50   9  -9 -16 -28 -28  -6  -7 -37
   7 -31   2 -10  21  21  16  24  24  18  14 -40 -47 -34 -38 -22 -19
  13  26  26  17   3 -25  12  23  19  14  21 -14   8   5  15  28  31
 -15   7 -21 -14 -38 -38  40  58  18  12  -7   0 -79 -79 -79 -23 -50
  -8  14  23 -23 -15  -7  10  10  28  17 -36 -38 -20 -24  14  14   4
-114-113 -85 -63 -35 -62 -35  -6   0 -19 -59-119 -91 -91 -85 -35 -73
  18   2  23   4 -13   4 -11 -46 -61 -52 -22  12  19  33   8   8  12
'INTERNAL beta'
  21  16  30  31  41  42   7 -44 -72 -34 -18   4  36  32  25   9  21
 -27 -35 -14 -21  -7 -13  -9   0 -18 -31 -11 -23 -11  -4  -2  10   6
 -28 -31 -16 -40 -30   0  51  63  97  96  60  21 -18 -29 -37 -51 -18
 -10 -13 -27 -39 -12  11  27  64  40  33  -2 -53 -32 -42 -43 -21 -21
 -33 -28 -19 -23   3  25  46  70  83  76  42   7 -14 -19 -28 -47 -24
  11  17  31  33  15  26  18 -27 -36 -17   4  14  41  37  45  37  22
  43  23  45  28  13   5  20  18  13  16  25  20 -12 -28   8   3   0
  27  34  14   6  31 -12 -42 -61-120-123 -37   8  23  21  14  21   8
  16   0 -11 -19 -47 -58 -42 -65 -78 -85 -53 -23 -37 -28 -24 -11  -4
  -7   7 -15   3   3 -15 -32 -78-160-133 -74 -24   7  26  29  37  11
   0  27   0  18 -15  -5 -39 -46 -54 -46 -10 -10 -27 -27   0  14  27
  -8 -30 -30  -8 -40 -43 -55 -74 -55 -74 -51  -8   8  13  20   3  10
   0 -34   7  26  35  13  13 -15 -32 -63 -32 -15 -32  26 -25  -8 -25
  21   6  11 -24 -12 -18  -6  -6 -18 -47   5  20  21   0 -12 -26 -26
 -84 -44 -51  -9 -37   0  21  49  55  54   8  -9 -51 -75 -75 -51 -54
   9  22  18  22   9  17  13  42  70  62  45  57  25  29  -5 -15 -15
  33  33  12  12  42  12 -28 -28  66  66  33 -66 -66 -46 -28 -46   0
 -91 -51 -97 -58 -82 -29 -29  38  38  12 -29 -48-135-135 -58  29  13
 -57 -12 -40 -25 -78 -12 -25  21  46  30  46  60 -12 -57-104-104 -12
  18  34   4   8  14 -58-104-299-299 -78 -12   0  27  38  35  14  -8
